  0.0   285   240   213    87   -11
  1.8   351   299   262   149    54
  3.5   388   359   321   217   125
  5.3   428   442   397   283   185
  7.0   473   491   443   350   256
  8.8   518   550   488   395   324
 10.6   562   609   554   461   389
 12.4   611   667   614   546   445
 14.1   633   712   676   598   506
 15.9   665   746   745   644   573
 17.6   691   804   799   704   626
 19.5   708   849   882   773   695
 21.3   717   898   945   835   753
 23.0   754   967   985   911   825
 24.8   757   986  1046   964   895
 26.5   794  1027  1113  1040   961
 28.3   804  1076  1169  1084  1020
 30.1   826  1079  1216  1138  1073
 31.9   857  1127  1276  1224  1121
 33.6   864  1137  1325  1284  1196
 35.4   877  1168  1376  1336  1232
 37.1   907  1187  1435  1360  1307
 39.0   887  1197  1485  1416  1351
 40.8   877  1235  1489  1469  1398
 42.5   952  1233  1550  1526  1439
 44.3   960  1252  1573  1579  1497
 46.0   986  1270  1621  1619  1547
 47.9  1005  1307  1651  1676  1589
 49.6  1010  1338  1699  1719  1622
 51.4  1021  1308  1735  1781  1664
 53.1   982  1391  1762  1806  1705
 54.9  1025  1356  1790  1853  1725
 56.6  1049  1343  1787  1886  1765
 58.5  1038  1362  1799  1906  1800
 60.3  1095  1400  1798  1947  1832
 62.0  1071  1393  1825  1984  1859
 63.8  1005  1371  1850  2018  1907
 65.5  1073  1440  1832  2034  1924
 67.4  1105  1433  1844  2061  1936
 69.1  1088  1419  1877  2074  1955
 70.9  1085  1431  1889  2095  1986
 72.6  1089  1441  1887  2108  1999
 74.4  1096  1447  1893  2123  2004
 76.3  1135  1414  1878  2134  2039
 78.0  1102  1423  1872  2147  2040
 79.8  1095  1448  1843  2144  2067
 81.5  1099  1457  1808  2150  2066
 83.3  1023  1430  1837  2151  2069
 85.0  1114  1426  1803  2170  2070
 86.9  1028  1405  1786  2158  2073
 88.6  1045  1400  1769  2170  2060
 90.4  1079  1363  1744  2158  2075
 92.1  1044  1321  1767  2131  2067
 93.9  1003  1272  1699  2121  2041
 95.8  1019  1355  1694  2108  2033
 97.5  1009  1343  1694  2088  2037
 99.3   989  1290  1637  2071  2018
101.0   943  1265  1620  2051  1993
102.8   931  1218  1576  2025  1971
104.6   963  1177  1525  2008  1960
106.4   899  1205  1518  1967  1928
108.1   876  1157  1505  1915  1908
109.9   868  1103  1442  1896  1891
111.6   851  1091  1450  1874  1868
113.4   795  1069  1401  1816  1838
115.3   812  1043  1352  1786  1797
117.0   779  1049  1283  1746  1773
118.8   768   979  1284  1694  1764
120.5   761   977  1188  1623  1735
122.3   715   944  1176  1591  1706
124.1   668   870  1133  1549  1666
125.9   695   835  1080  1482  1624
127.6   637   833  1067  1442  1585
129.4   625   817  1032  1411  1558
131.1   579   776   967  1339  1504
133.0   559   748   937  1275  1455
134.8   515   695   912  1224  1403
136.5   526   665   857  1187  1360
138.3   481   675   826  1131  1302
140.0   459   618   786  1096  1225
141.8   448   582   741  1035  1167
143.6   424   529   716   945  1114
145.4   372   505   661   885  1057
147.1   346   453   602   848  1005
148.9   312   403   542   788   948
150.6   268   359   513   739   890
152.5   239   323   458   679   828
154.3   178   254   410   609   754
156.0   139   227   366   521   688
157.8   101   186   294   472   615
159.5    61   148   230   437   558
161.4    12    92   170   361   497
163.1   -25    34   126   301   420
164.9   -76   -12    93   216   357
166.6  -121   -54    27   163   280
168.4  -157  -110   -22    88   228
170.1  -208  -167   -84    46   165
172.0  -271  -220  -142   -24   103
173.8  -318  -279  -199   -92    41
175.5  -376  -322  -250  -152   -22
177.3  -420  -349  -312  -197   -84
179.0  -449  -403  -380  -270  -141
180.9  -484  -468  -425  -340  -203
182.6  -528  -536  -489  -389  -257
184.4  -563  -569  -533  -424  -318
186.1  -594  -603  -584  -488  -377
187.9  -639  -670  -639  -560  -445
189.8  -676  -723  -699  -613  -515
191.5  -703  -765  -752  -661  -558
193.3  -728  -801  -795  -716  -613
195.0  -734  -856  -834  -774  -668
196.8  -753  -884  -905  -821  -718
198.5  -770  -904  -931  -871  -775
200.4  -791  -958  -994  -920  -830
202.1  -808  -973 -1031  -967  -887
203.9  -819 -1008 -1080 -1027  -945
205.6  -859 -1041 -1131 -1063  -994
207.4  -851 -1068 -1190 -1123 -1030
209.3  -876 -1092 -1222 -1153 -1076
211.0  -861 -1096 -1269 -1210 -1126
212.8  -896 -1131 -1304 -1246 -1155
214.5  -912 -1175 -1348 -1318 -1204
216.3  -896 -1161 -1390 -1361 -1242
218.1  -932 -1181 -1423 -1399 -1267
219.9  -909 -1188 -1454 -1424 -1322
221.6  -939 -1212 -1499 -1479 -1358
223.4  -951 -1232 -1519 -1525 -1390
225.1  -992 -1263 -1551 -1566 -1430
226.9  -962 -1282 -1577 -1603 -1466
228.8  -990 -1290 -1598 -1622 -1493
230.5 -1010 -1289 -1633 -1669 -1530
232.3 -1123 -1299 -1621 -1686 -1560
234.0 -1030 -1295 -1807 -1736 -1582
235.8  -991 -1465 -1659 -1762 -1612
237.6 -1057 -1315 -1677 -1769 -1649
239.4 -1022 -1333 -1716 -1806 -1664
241.1 -1079 -1333 -1714 -1821 -1705
242.9 -1031 -1352 -1712 -1847 -1712
244.6 -1096 -1329 -1729 -1875 -1745
246.5 -1056 -1322 -1724 -1895 -1764
248.3 -1071 -1366 -1739 -1908 -1800
250.0 -1054 -1364 -1771 -1954 -1809
251.8 -1046 -1361 -1782 -1953 -1834
253.5 -1098 -1371 -1746 -1955 -1838
255.3 -1089 -1341 -1731 -1975 -1860
257.1 -1032 -1331 -1780 -1982 -1889
258.9 -1103 -1350 -1751 -1992 -1891
260.6 -1092 -1367 -1724 -2016 -1897
262.4 -1084 -1390 -1763 -2019 -1913
264.1 -1084 -1333 -1740 -2031 -1914
266.0 -1065 -1326 -1708 -2023 -1924
267.8 -1078 -1333 -1705 -2038 -1921
269.5 -1099 -1312 -1664 -2039 -1940
271.3 -1047 -1330 -1660 -2027 -1939
273.0 -1073 -1317 -1678 -2023 -1936
274.9 -1042 -1315 -1683 -2019 -1931
276.6 -1030 -1320 -1652 -2005 -1931
278.4 -1029 -1278 -1648 -2006 -1928
280.1  -999 -1250 -1634 -1984 -1915
281.9 -1003 -1226 -1611 -1985 -1906
283.6  -979 -1253 -1563 -1955 -1881
285.5  -940 -1187 -1540 -1925 -1881
287.3  -952 -1186 -1537 -1902 -1861
289.0  -990 -1159 -1536 -1885 -1851
290.8  -931 -1151 -1455 -1856 -1832
292.5  -923 -1138 -1432 -1833 -1849
294.4  -884 -1124 -1421 -1817 -1846
296.1  -869 -1112 -1432 -1782 -1815
297.9  -885 -1079 -1393 -1758 -1794
299.6  -880 -1068 -1352 -1704 -1784
301.4  -859 -1069 -1325 -1676 -1767
303.3  -838 -1047 -1272 -1627 -1742
305.0  -843 -1027 -1252 -1590 -1718
306.8  -803  -984 -1224 -1576 -1683
308.5  -789  -977 -1163 -1537 -1647
310.3  -762  -934 -1144 -1477 -1607
312.0  -738  -871 -1132 -1446 -1566
313.9  -721  -883 -1104 -1407 -1516
315.6  -705  -852 -1103 -1394 -1491
317.4  -662  -852 -1063 -1324 -1437
319.1  -672  -822 -1024 -1298 -1401
320.9  -628  -793  -968 -1247 -1346
322.8  -602  -771  -902 -1185 -1306
324.5  -570  -711  -874 -1149 -1263
326.3  -541  -673  -821 -1090 -1198
328.0  -528  -655  -764 -1032 -1154
329.8  -513  -615  -744  -966 -1083
331.6  -462  -562  -708  -932 -1034
333.4  -404  -515  -669  -872  -987
335.1  -374  -475  -579  -816  -919
336.9  -331  -440  -539  -749  -858
338.6  -288  -372  -479  -694  -793
340.4  -251  -308  -437  -618  -729
342.3  -199  -268  -386  -555  -658
344.0  -157  -221  -306  -500  -598
345.8  -107  -188  -254  -429  -542
347.5   -60  -135  -178  -372  -475
349.3   -16   -90  -127  -302  -413
351.1    40   -35   -66  -226  -341
352.9    94    21   -13  -164  -270
354.6   144    69    31  -100  -207
356.4   191   137    80   -40  -150
358.1   239   193   149    13   -80
