  0.0   222   107   157   123    48     0
  1.8   281   175   208   183   114    65
  3.5   328   215   267   262   193   140
  5.3   365   270   338   326   251   214
  7.1   422   346   404   393   313   272
  8.8   468   396   456   445   367   348
 10.6   509   469   517   539   433   405
 12.4   555   510   589   601   517   469
 14.1   577   553   665   651   575   542
 15.9   621   605   731   720   639   600
 17.7   673   646   786   780   711   671
 19.5   688   697   831   831   761   734
 21.3   733   739   889   885   820   798
 23.0   779   777   950   950   898   860
 24.8   806   824  1022  1016   935   912
 26.6   837   867  1092  1084   993   960
 28.3   879   907  1147  1135  1061  1033
 30.1   889   941  1200  1202  1117  1089
 31.9   919   953  1260  1260  1169  1156
 33.7   945   987  1306  1319  1245  1211
 35.4   970  1021  1349  1368  1287  1254
 37.2  1001  1063  1398  1430  1336  1302
 39.0  1015  1067  1456  1475  1392  1348
 40.8  1040  1101  1500  1537  1446  1395
 42.5  1072  1130  1560  1578  1496  1435
 44.3  1076  1163  1590  1622  1540  1485
 46.1  1124  1168  1625  1669  1593  1539
 47.9  1163  1198  1676  1725  1621  1566
 49.6  1160  1210  1708  1772  1677  1610
 51.4  1183  1209  1748  1811  1719  1660
 53.2  1174  1228  1766  1846  1756  1680
 54.9  1202  1266  1801  1885  1779  1725
 56.7  1238  1306  1826  1913  1824  1757
 58.5  1262  1331  1837  1955  1852  1792
 60.3  1254  1334  1849  1978  1890  1828
 62.1  1243  1358  1865  1999  1926  1857
 63.8  1270  1356  1879  2024  1959  1881
 65.6  1267  1366  1909  2064  1969  1904
 67.4  1291  1403  1906  2094  1997  1931
 69.1  1305  1421  1929  2109  2017  1950
 70.9  1324  1417  1911  2121  2034  1965
 72.7  1315  1394  1925  2134  2058  1984
 74.4  1284  1364  1934  2144  2088  1996
 76.3  1264  1369  1921  2145  2086  2010
 78.0  1278  1357  1941  2151  2089  2033
 79.8  1305  1386  1913  2164  2105  2030
 81.6  1293  1371  1927  2160  2112  2047
 83.3  1285  1383  1898  2151  2102  2041
 85.1  1301  1370  1895  2156  2110  2047
 86.9  1294  1381  1882  2161  2099  2047
 88.6  1317  1358  1843  2140  2100  2038
 90.4  1263  1321  1832  2135  2097  2036
 92.2  1219  1330  1807  2106  2083  2026
 93.9  1234  1306  1769  2091  2080  2006
 95.8  1211  1295  1773  2077  2065  2005
 97.5  1195  1239  1742  2047  2044  1993
 99.3  1190  1244  1723  2017  2032  1977
101.1  1162  1225  1710  1983  2006  1950
102.8  1134  1195  1678  1956  1978  1939
104.6  1124  1178  1628  1929  1972  1916
106.4  1088  1172  1607  1895  1959  1911
108.1  1093  1130  1599  1872  1921  1901
109.9  1084  1089  1564  1817  1911  1878
111.7  1004  1095  1502  1763  1875  1879
113.4   993  1036  1473  1769  1849  1836
115.3   974   942  1440  1717  1805  1818
117.0   967   936  1422  1666  1786  1778
118.8   908   897  1416  1629  1752  1749
120.6   956   901  1401  1612  1693  1720
122.3   909   843  1332  1535  1666  1663
124.1   877   829  1305  1518  1635  1621
125.9   867   782  1267  1487  1588  1586
127.6   816   788  1257  1422  1528  1553
129.4   823   747  1217  1362  1473  1507
131.2   775   745  1156  1329  1420  1460
133.0   735   669  1088  1271  1393  1420
134.8   710   630  1041  1219  1343  1348
136.5   644   589  1047  1169  1296  1287
138.3   618   569   972  1105  1226  1246
140.1   584   524   932  1045  1168  1191
141.8   553   496   852   976  1104  1118
143.6   503   438   789   911  1044  1069
145.4   484   408   740   862   979  1012
147.2   448   358   682   809   913   949
148.9   418   336   626   724   841   889
150.7   353   280   568   667   799   832
152.5   344   233   521   614   740   763
154.3   271   178   460   527   663   706
156.0   230   134   395   466   595   641
157.8   173   100   348   403   542   584
159.6   134    24   279   338   474   520
161.4    77    -9   223   280   405   451
163.1    31   -64   170   211   330   382
164.9     6  -119   118   156   265   317
166.7   -53  -161    71   101   194   247
168.4   -91  -201     6    42   132   186
170.2  -141  -250   -64   -23    73   120
172.0  -205  -297  -113   -76    16    67
173.8  -239  -355  -175  -160   -45    -1
175.6  -267  -408  -232  -206  -110   -55
177.3  -313  -445  -266  -276  -166  -120
179.1  -349  -491  -343  -332  -225  -178
180.9  -397  -573  -399  -387  -274  -236
182.6  -436  -601  -458  -427  -334  -299
184.4  -467  -667  -515  -471  -395  -353
186.2  -491  -706  -565  -547  -458  -410
187.9  -551  -755  -624  -609  -521  -474
189.8  -596  -806  -671  -661  -569  -529
191.5  -622  -852  -733  -700  -619  -577
193.3  -668  -896  -787  -773  -667  -643
195.1  -689  -950  -829  -811  -717  -701
196.8  -731  -955  -878  -858  -780  -734
198.6  -758  -996  -927  -908  -840  -786
200.4  -787 -1054  -976  -959  -896  -842
202.1  -813 -1068 -1025 -1008  -931  -884
203.9  -829 -1103 -1060 -1043  -981  -939
205.7  -844 -1133 -1089 -1099 -1025 -1003
207.4  -893 -1154 -1155 -1146 -1085 -1040
209.3  -891 -1187 -1187 -1183 -1132 -1094
211.0  -909 -1199 -1221 -1216 -1174 -1130
212.8  -922 -1245 -1270 -1265 -1217 -1187
214.6  -945 -1262 -1315 -1298 -1251 -1228
216.3  -981 -1269 -1341 -1337 -1303 -1266
218.1  -986 -1306 -1368 -1375 -1328 -1303
219.9 -1006 -1315 -1406 -1430 -1378 -1348
221.6 -1011 -1347 -1445 -1462 -1405 -1372
223.4 -1037 -1360 -1475 -1497 -1442 -1418
225.2 -1062 -1400 -1653 -1539 -1482 -1458
226.9 -1064 -1406 -1520 -1575 -1518 -1498
228.8 -1074 -1428 -1546 -1757 -1557 -1529
230.5 -1077 -1442 -1579 -1646 -1588 -1562
232.3 -1081 -1463 -1608 -1674 -1602 -1587
234.1 -1136 -1446 -1644 -1710 -1644 -1603
235.8 -1112 -1479 -1652 -1753 -1683 -1628
237.6 -1289 -1487 -1662 -1778 -1712 -1649
239.4 -1155 -1525 -1700 -1806 -1883 -1670
241.1 -1182 -1500 -1721 -1828 -1769 -1831
242.9 -1166 -1509 -1718 -1852 -1777 -1724
244.7 -1185 -1512 -1731 -1870 -1797 -1736
246.5 -1212 -1554 -1743 -1895 -1813 -1766
248.3 -1204 -1540 -1751 -1901 -1831 -1782
250.0 -1207 -1542 -1755 -1929 -1871 -1793
251.8 -1206 -1570 -1749 -1947 -1891 -1814
253.6 -1224 -1507 -1774 -1955 -1899 -1833
255.3 -1218 -1551 -1782 -1964 -1903 -1837
257.1 -1234 -1588 -1814 -1982 -1924 -1858
258.9 -1253 -1536 -1813 -1979 -1941 -1862
260.7 -1233 -1552 -1811 -1989 -1946 -1879
262.4 -1227 -1557 -1801 -1998 -1959 -1891
264.2 -1242 -1533 -1780 -2005 -1955 -1897
266.0 -1259 -1552 -1757 -2011 -1963 -1899
267.8 -1231 -1538 -1748 -1997 -1965 -1900
269.5 -1218 -1557 -1757 -2007 -1964 -1910
271.3 -1200 -1565 -1723 -1999 -1963 -1904
273.1 -1220 -1535 -1740 -1970 -1964 -1910
274.9 -1210 -1505 -1732 -1982 -1966 -1905
276.6 -1181 -1500 -1700 -1954 -1958 -1896
278.4 -1182 -1493 -1682 -1959 -1948 -1892
280.2 -1162 -1485 -1669 -1935 -1942 -1884
281.9 -1165 -1443 -1659 -1915 -1932 -1869
283.7 -1133 -1425 -1637 -1885 -1922 -1863
285.5 -1143 -1429 -1645 -1878 -1901 -1851
287.3 -1096 -1434 -1601 -1846 -1881 -1834
289.1 -1079 -1375 -1584 -1827 -1863 -1813
290.8 -1091 -1370 -1560 -1810 -1839 -1794
292.6 -1085 -1345 -1509 -1781 -1823 -1783
294.4 -1040 -1325 -1497 -1742 -1797 -1764
296.1 -1044 -1310 -1490 -1709 -1778 -1740
297.9 -1029 -1271 -1422 -1678 -1750 -1729
299.7 -1002 -1283 -1407 -1639 -1731 -1693
301.4  -960 -1280 -1382 -1614 -1702 -1679
303.3  -926 -1232 -1353 -1589 -1674 -1663
305.0  -900 -1240 -1310 -1544 -1666 -1636
306.8  -859 -1215 -1316 -1503 -1624 -1617
308.6  -857 -1143 -1243 -1464 -1591 -1575
310.3  -872 -1162 -1209 -1468 -1552 -1556
312.1  -840 -1129 -1215 -1406 -1539 -1503
313.9  -827 -1067 -1190 -1389 -1486 -1479
315.6  -822 -1041 -1158 -1346 -1447 -1440
317.4  -754 -1000 -1099 -1298 -1412 -1386
319.2  -731  -954 -1081 -1258 -1376 -1338
320.9  -688  -913 -1037 -1209 -1319 -1295
322.8  -669  -880 -1004 -1152 -1269 -1256
324.5  -643  -843  -960 -1105 -1213 -1202
326.3  -593  -789  -929 -1045 -1156 -1156
328.1  -568  -760  -888  -988 -1087 -1100
329.8  -554  -710  -818  -943 -1035 -1044
331.6  -502  -684  -781  -909  -984  -999
333.4  -468  -622  -730  -835  -924  -942
335.1  -422  -586  -659  -767  -861  -879
336.9  -387  -538  -627  -689  -808  -812
338.7  -339  -513  -595  -643  -739  -752
340.4  -305  -448  -528  -572  -677  -687
342.3  -273  -406  -450  -524  -606  -635
344.0  -215  -353  -381  -460  -552  -570
345.8  -160  -298  -331  -402  -476  -497
347.6  -134  -237  -268  -341  -414  -440
349.3   -73  -198  -218  -269  -336  -381
351.1   -34  -153  -151  -204  -277  -312
352.9    24   -83   -78  -132  -215  -257
354.6    76   -48   -20   -80  -152  -195
356.4   120     5    51    -2   -78  -124
358.2   172    53   104    53   -14   -72
