  0.0    -30   -130   1470    610   2770    420
  1.8    -70    640   1600   1470   1620    -40
  3.5    230    860   1510   2740   2600    260
  5.3   -210    100   1730   2540   2260    -70
  7.1   -360   -390    450   2090   2120   -200
  8.8    280    110   1120   2000   2580    490
 10.6    330    270    940    890   1580    240
 12.4   -640   -690   1270   1490   3050    160
 14.1     30   -390    320   3280   1640   1270
 15.9   -420    480   1000   1840   2050    880
 17.7   -500   -260   1540   1040   1520   1290
 19.5   -360   -200    830   1700   2300    230
 21.3  -1140   -420   1240   1740   1500    940
 23.0   -870   -170    730   2950   2380    540
 24.8  -1100  -1430    890   1470    930    -40
 26.6  -1040   -810      0   2380   1360    350
 28.3    120   -740    390   2220   1540    460
 30.1  -1840   -520    280   2520   1970   1290
 31.9  -1080  -2330    970   1700   1260   1160
 33.7  -1530  -2050    270   1930   2520    460
 35.4   -580   -330   -130   1390   1710   -170
 37.2  -1600  -1810     70   2150    600   1330
 39.0  -2110  -2470    -80   1990   2080   1060
 40.8   -930  -2680   -580   -100   2010    810
 42.5  -1220   -290   -350   1350    920    170
 44.3  -1660  -3340   -560    950   1160    390
 46.1  -1290  -2960  -1300   1140   1230    450
 47.9  -1290  -4000   -830    740   1770    520
 49.6  -1400  -3740   -570    810   1250    420
 51.4  -2910  -5780  -1220    960   1350   1260
 53.2  -2740  -2040  -1340    460   1150    400
 54.9  -3320  -2160  -1670    320   1080    250
 56.7  -2110  -6040   -890   1370   1330    150
 58.5  -3500  -4530  -2540    410   1120    290
 60.3  -2230  -6530  -1460     40    730    540
 62.1  -1990  -3730  -1190    310    810    370
 63.8  -2490  -3300  -1670   -390   1500    270
 65.6  -2510  -5150  -2650    380   1060    320
 67.4  -2040  -3450  -3360     30   1000    470
 69.1  -5630  -3500  -1880    -10    990    340
 70.9  -4560  -3550  -2490    270   1450    260
 72.7  -1970  -5650  -3800    340   1140    500
 74.4  -1320  -5370  -2330      0   1190    210
 76.3  -1140  -6890  -4470     90    640    330
 78.0  -2840  -3030  -2760     90   1730    510
 79.8  -2710  -5080  -3900   -130    710     20
 81.6  -2550  -2360  -3670    540   1110    540
 83.3  -2050  -4070  -5890    120    560    190
 85.1  -4260  -4220  -3280   -140    300    470
 86.9  -2240  -7140  -4690    280    800    450
 88.6  -1830  -4310  -5390   -250    720    470
 90.4  -2500  -7230  -5280   -210    980    380
 92.2  -5140  -7910  -5660  -1110    830    520
 93.9  -1470  -5790  -5400   -400    860    300
 95.8  -4170  -2930  -4110    -70   1470    590
 97.5  -2830  -6040  -5210   -590   1010    850
 99.3  -1300  -8250  -2950   -790   1090    460
101.1  -2190  -4580  -3890  -1180    680    330
102.8  -4710  -6310  -8100   -770    640    810
104.6  -3350  -4370  -5240    -30    880    710
106.4  -2540  -1660  -6190  -1920   -390   1020
108.1  -3760  -2030  -4660   -640    250    660
109.9    130  -4230  -3180  -2240   -120    -90
111.7   -570  -1160  -4840  -6800   -100   -840
113.4  -1910  -3700  -1710  -3130   -710  -2040
115.3  -1230  -3410  -5920  -2470    260  -1710
117.0  -4680  -4090  -4680  -2320  -1360  -1330
118.8   -880  -2830  -8080  -5320    170   -760
120.6  -4740  -3300  -4160  -4340    660   2050
122.3  -1860  -3730  -5650  -5170   -140   -820
124.1  -2990  -2960  -5550  -1750  -2110  -1040
125.9  -2830  -1870  -6280  -4340  -1740   -370
127.6  -2120  -4190  -6960  -6130  -3300  -1080
129.4   -120  -4300  -4710  -3910  -1950  -1190
131.2  -1660  -2570  -5490  -4120  -3400   -520
133.0  -1820  -5720  -2810  -4250   -820   -790
134.8  -2100  -1890  -7810  -3030  -2200    240
136.5  -2430  -2790  -3730  -4800  -1430  -1760
138.3  -1380  -2700  -2080  -2690  -2400   -640
140.1  -1890  -3120  -4010  -3240  -2330   -120
141.8  -1690  -1840  -4900  -3720   -850  -1300
143.6  -1300  -2070  -3720  -3160  -1430   -980
145.4  -1580  -1180  -2450  -3600  -1550  -1340
147.2   -760  -1490  -1640  -3160  -3150   -840
148.9   -190  -1190  -2330  -2740  -2010   -370
150.7     40  -2080  -2140  -1870  -2580  -2040
152.5   -640  -2920  -4520   -810  -3670  -1440
154.3   -770  -1520  -1640  -2160  -3510  -1080
156.0  -1150  -1960  -1280   -780  -2080  -1980
157.8   -400  -1020  -1860  -2390  -1040  -1250
159.6    360  -1380  -2790  -2820  -3330  -1250
161.4   -970   -190  -2370  -3540  -2380  -1980
163.1   -630  -1960  -2280  -3490  -4220  -1400
164.9    -60  -1000  -2720  -1730  -3160  -1000
166.7   -690   -650  -2540  -2830  -3720  -1540
168.4   -110  -1060  -3750  -2250  -4170  -1200
170.2    -20   -860  -3060  -3720  -3510  -1210
172.0   -200   -650  -2560  -3180  -3770  -1210
173.8    -70   -240  -1340  -2780  -3420  -1580
175.6   -120   -430   -780  -2060  -3380  -1080
177.3    310  -1160  -1270  -2580  -2560  -1930
179.1   -650   -120  -2440  -1760  -2530  -1830
180.9    100   -140  -1850  -2250  -1580  -1010
182.6   -140    230   -130  -1660  -2410  -1140
184.4    720    220  -2340  -1430  -2970  -1510
186.2   -460   -210   -840  -2500   -670  -1220
187.9    250    100  -1000  -2270  -3030  -1180
189.8   -240   -790  -1800  -1600  -2680  -1450
191.5    250     90   -330  -1660  -2870  -1170
193.3     70    -70  -1560  -1290  -2690  -1590
195.1    620     70   -720  -2640  -1930  -1780
196.8    490    610   -280  -3030  -2500  -1510
198.6    350    710  -1240  -1130  -2190  -1830
200.4    610   1170   -130  -1270  -1820  -1370
202.1    620   1280  -1030  -1900  -1600   -430
203.9   2120    860  -1480  -1460  -1880    240
205.7   1010   1020   -970  -1370   -850   -850
207.4    110   1320   -230  -1420   -940      0
209.3   1300   1190     20  -2300  -1340   -320
211.0   1670   2170   -230  -1200  -1640   -430
212.8    620   1260   -420  -1880  -1700  -1360
214.6   1760   1660    -30  -1840  -1280   -710
216.3   1970   1750     40   -660  -1500    -20
218.1    360   1900    180   -530   -860   -490
219.9   1840   1470     90   -880   -640   -660
221.6    960   1600     50   -840   -730  -1200
223.4   1620   1700    550  -1230  -1260   -480
225.2   1470   2120    890   -530  -1970   -600
226.9   2200   2140    290  -1510  -1920  -1740
228.8   2620   1540    790   -880  -1020   -470
230.5   1850   1150   1260   -790  -1960   -380
232.3   1850   1580    440   -820  -1330   -390
234.1   2340   1510   1720   -520   -910  -1900
235.8   2560   2200   1150  -1130  -1950   -880
237.6   2520   2850    450     30  -1150  -1210
239.4   3200   1510   1670    150  -1030    -80
241.1   2390   2620   3590   -680  -1220   -990
242.9   3840   2730   1660   -480   -780   -900
244.7   1240   2180   2330   -190   -990   -400
246.5   1390   2210   2230   -260   -860   -830
248.3   4870   3780   2660   -270  -1120   -610
250.0   1810   2570   2350    100   -690   -190
251.8   2530   4570   2780   -200   -630   -770
253.6   2800   2700   2490   -150   -780   -550
255.3   2050   4140   1620    -80   -810   -520
257.1   3930   4520   3140    -30   -940   -700
258.9   4180   2730   1630   -310   -770   -250
260.7   2850   3680   2340    -70  -1250   -370
262.4   1770   2910   3050      0   -930   -430
264.2   1620   2970   2590    -70   -390   -840
266.0   2560   1240   3120    440   -770   -460
267.8   2830   4250   3310    120   -980   -690
269.5   3010   4270   1150    190   -800    -20
271.3   3360   4080   2690    440   -460   -580
273.1   2370   6250   2140    780   -520   -810
274.9   3900   2400   2770    420   -800   -590
276.6   2740   5390   2410    760   -880   -850
278.4   2540   3420   3120    660   -750   -430
280.2   1490   3260   4960    570  -1060   -460
281.9   1190   4130   3210   1150   -660   -730
283.7   2330   1010   2000   1800   -720   -390
285.5   3850   3010   6040    900   -910   -450
287.3   3280   2820   3820    840   -560   -390
289.1   4580   2610   5470    470   -500   -390
290.8   2730    580   4240   1530   -530   -600
292.6    570   3480   4370   1200   -510   -410
294.4   1370   2850   4690   2020   -620   -450
296.1   3040   2740   4410   1520   -440   -380
297.9   3300   1620   5300    970   -590   -170
299.7   2070   4930   3180   1840   -600    -70
301.4   1740   4390   6130   1810   -330    450
303.3   1730   3940   5030   1950   -380   -300
305.0   1630   2860   2690   1560     30    -90
306.8   2520   2020   3220   1010    260   -650
308.6   3500   1370   1690   2880   1640   -500
310.3   2760   4330   4620   3820   -590  -1190
312.1    260   4290   5130   2140   -190   -790
313.9   3690   1730   3850   1710    990     60
315.6   2940   3390   6380   1850    660   -530
317.4   1900   2520   3500   3810    260    900
319.2   1500   1260   3720   3050    990    430
320.9   1790   1390   3800   4560    300      0
322.8   1200   3100   3330   2690    290   -400
324.5   1010   2110   5450   3500   1180   -600
326.3    500    680   2560   2530    940    -40
328.1   2590   1880   6190   3190   1020    460
329.8   1590   2320   2730   5330   2400    370
331.6    680   3180   2880   3240   1110    320
333.4     90    580   2890   2490   1190    770
335.1    550   1920   3780   2960   2170    950
336.9   1750   1120   2700   5610   1940   1270
338.7   1130     30   1480    140    950   1390
340.4    610   -510   2090   1460   1240   -130
342.3   1040   1270   2260   2600   1230    870
344.0   1480    700   3130   3170   3760    530
345.8    350    360   2850   2380   3510   1480
347.6   1050    880    780   3260   2030    960
349.3    650      0   1710   2550   2380   1640
351.1   -880    700   1480   2940   1930    580
352.9    740   -930   1230   1650   3000    630
354.6   -170   -590   1710   1340   2040    -50
356.4    300   -140   2210   1290   1970    670
358.2    510    -70   2120   1500   2050    630
