  0.0   -640    730   2050   2570   -130
  1.8    -50    280   -420   2470   -520
  3.5   -660   -130     40   2440    160
  5.3   -620    100   1240   4370    600
  7.0   -130    -10   2700   2320   1240
  8.8   -650   -350    870   3140    650
 10.6   -990   -330    420   2740    620
 12.4   -390    270    650   4120    730
 14.1   -710    860    300   3610    340
 15.9  -1000   -360     40   3200    510
 17.6  -1370   -630   1200   2100    500
 19.5  -2600   -520    -20   1950   -230
 21.3  -1640   -970      0   2960    340
 23.0  -1930  -1230   -480   2970    920
 24.8  -2360  -2000    -80   3710   1630
 26.5  -2970  -2100   -360   3220   1190
 28.3  -4010  -2610   1830   1980    190
 30.1  -3690  -2070    160   2210   1540
 31.9  -3940  -3510    310   1990   -130
 33.6  -1710  -2060    280   1450   2430
 35.4  -5590  -2420   -490   2000    760
 37.1  -2970  -2360   -560   2830   1350
 39.0  -4910  -1570  -1290   2460    560
 40.8  -5100  -3700  -1310   3290   1330
 42.5  -5340  -4750  -1390   1980   -290
 44.3  -2310  -6300  -1710   1250   1700
 46.0  -7210  -4200   -710   1930   1330
 47.9  -9790  -4430   -330   1990    450
 49.6  -9290  -5930  -1720    830   1490
 51.4  -4780  -6790  -2220   1700    640
 53.1  -4170  -8010  -3910    880   1390
 54.9  -5070  -5180  -3480    890   1050
 56.6  -5480  -9040  -2360   1310    940
 58.5  -9010 -10100  -4260    830   1750
 60.3  -7160 -11920  -4740    540   1440
 62.0  -7670  -8600  -3880   1150    920
 63.8  -4710  -9800  -5580    570   1460
 65.5 -10430  -6790  -4390    710   1160
 67.4  -8810  -6760  -6910   1440    170
 69.1  -7170  -7540  -6670    990    740
 70.9 -14400 -11580  -4930    330    450
 72.6  -6470 -13360  -7190    360    440
 74.4 -10690 -12540  -5970    340     90
 76.3 -11050 -15430  -7760    590   1340
 78.0  -7090 -10610  -6720     40   1120
 79.8 -10820  -8830 -11390     20    960
 81.5  -7390 -11110  -7850   -370    670
 83.3  -8550  -8750  -8100    350    700
 85.0 -11430  -8610  -7480    140   1030
 86.9 -13000 -11330 -12710   -900    160
 88.6  -4970 -12580 -12950    120    410
 90.4  -7300 -12760 -11290    570   1160
 92.1  -8640 -11410  -7140   -110   1000
 93.9  -8260 -10490 -12620     10    510
 95.8  -5210 -17310  -6890   -910    340
 97.5 -16870  -9980  -9450   -630    420
 99.3  -7480 -12250 -12900    -10    500
101.0  -4110  -9360 -10180   -670    670
102.8  -4820 -11960  -6600  -1270    670
104.6  -8510  -8070 -11100   -620    740
106.4  -9970 -13220  -5420  -1220    340
108.1  -8900 -12730  -7650  -2980   -100
109.9  -9240  -9570 -13020  -1430    360
111.6  -4810  -6980 -12100  -2500    330
113.4  -4400 -10830 -11160  -2940   1530
115.3  -5540 -11130 -10970  -1100     80
117.0  -5170  -5570 -10260  -4750   1520
118.8  -6200  -7150  -9560  -2740   -680
120.5  -4360  -5390 -10000  -5070   -300
122.3  -3310  -5640  -8240  -5580      0
124.1  -4330  -7910 -11060  -5310    210
125.9  -5010  -6530 -10750  -8960    550
127.6  -7930  -9500  -9290  -5690    320
129.4  -5720  -9220  -6650  -7400   -960
131.1  -4270  -8740 -14120  -6560    620
133.0  -4160  -5440 -11820  -6370   -140
134.8  -3770  -8920  -8300  -7680    800
136.5  -3860  -6850 -14110  -6240    -30
138.3  -4320  -5950 -13160  -7140   -370
140.0  -1760  -6120 -10690  -5290     40
141.8  -1650  -4820  -8390  -5980   -290
143.6  -3620  -3810  -5880  -9820    110
145.4  -4160  -4190  -7760 -10450  -1070
147.1  -2940  -7670  -5150  -5860    500
148.9  -2270  -4850 -11170  -5480   -380
150.6  -2960  -5450  -7020  -5870    370
152.5  -3170  -4620  -7150  -5040    260
154.3  -3310  -3980  -4930  -4090  -1480
156.0  -2210   -690  -4660  -6790  -2260
157.8  -2270  -1450  -6370  -3730  -1250
159.5  -1610  -5240  -6890  -5620  -1970
161.4  -1520  -3880  -5080  -5320  -2140
163.1   -230  -2120  -4290  -3280  -2020
164.9  -1650  -1710  -5650  -5050  -1220
166.6   -530   -720  -4160  -3580  -1560
168.4   -980    460  -3550  -3910  -1090
170.1   -890   -710  -3760  -6090  -2040
172.0  -1440  -1000  -3390  -4140  -1430
173.8   -430  -1660  -2470  -4000  -1730
175.5   -700  -2130  -2560  -2570   -970
177.3   -200  -1340  -2200  -3480  -1160
179.0  -1300  -1380  -3590  -4630  -1060
180.9    -80  -1690  -2460  -3730   -180
182.6  -1070  -1640  -1750  -3110  -2750
184.4    330  -1670  -3330  -3880  -2150
186.1   -960   -940  -2450  -2630   -870
187.9   -700   -970  -1830  -4080   -110
189.8    580   -390  -3180  -4340  -1410
191.5    390   -520  -2810  -3740  -1680
193.3   -250   -100  -2850  -4180  -3130
195.0   1240    770  -2060  -3040  -1970
196.8    500   -270  -2930  -4700  -1560
198.5   1420    180  -2690  -2910  -1320
200.4   1960    450  -3090  -3430  -1380
202.1   1180   2270  -1270  -5120   -910
203.9   1850   1310  -1540  -3640  -3250
205.6   1920    330  -2080  -1140  -2440
207.4   1730   -320   -450  -3130    100
209.3   1870    800  -2370  -2750  -1520
211.0   2210   1620   -390  -2640  -1520
212.8   2450   1150    -90  -2380   -680
214.5   3490   1240    130  -2010  -1490
216.3   1820   2070   -180  -2760  -2350
218.1   3570   4590   -280  -1690  -1230
219.9   2510   2770   -160  -2710  -1050
221.6   3530   2040    -90  -1470  -1470
223.4   3550   1660    170  -1940  -1340
225.1   3540   1290   -760  -2410  -1080
226.9   3430   3610   -700  -1450  -1640
228.8   3600   2410   1210  -2570  -1800
230.5   7200   3960   1060  -1930   -580
232.3   6660   4680   1860  -2260  -1260
234.0   4070   5880   1270  -2350  -1100
235.8   4470   6290   1410  -1430  -1450
237.6   3440   4700   1530  -1560   -340
239.4   2240   6840   2570  -1610   -890
241.1   4430   4470   2140   -880  -1200
242.9   5510   2540   3340   -480   -330
244.6   6540   4140    150  -1350  -1380
246.5   4690   6850   2170   -800   -860
248.3   2590   2010   2730  -1030  -1790
250.0   5010   4400   2810   -240   -920
251.8   5480   5850   3950   -850   -730
253.5   3280   6860   3550  -1190  -1690
255.3   4190   5250   4780  -1130  -1110
257.1   4090   7930   1380   -800  -1520
258.9   1350   3460   2540  -1060   -800
260.6   9860   6040   4310  -1670  -1220
262.4   2710   4820   2550   -840  -1320
264.1   1810   3590   3820   -730  -1110
266.0   3970   6760   3940    120  -1490
267.8   3730   8630   3660    220   -990
269.5   5090   5790   4160   -570  -1260
271.3   7680   4180   8450    290   -680
273.0   4150  10980   2560   -150   -620
274.9   7910   6400   7460    200   -950
276.6   2870   7700   3260    340   -860
278.4   5680   4830   5510     30   -530
280.1   6580   1940   6940     30   -810
281.9   2120   3850   2770   -880   -630
283.6   2030   3240   4820    710   -610
285.5   3370   3120   5050    490   -380
287.3   5950   1680   2130    570   -210
289.0   4430   5280   4300    460   -380
290.8   6220   6220   6490   1060   -460
292.5   2480   3720   6720    810   -430
294.4   5440   4810   4520   2720   -580
296.1   2890   7810   6980   2490    -30
297.9   4770   4980   2970   1030    220
299.6   4330   2350   4690   3360    460
301.4   2510   4960   4720   6870   -100
303.3   1100   3810   3220   6600   -530
305.0   1730   4220   7530   6160    -10
306.8   2980   5610   3350   1790   -370
308.5   1570   6920   5820   2390    770
310.3   3310   -350   6820   3220   -270
312.0   1850   1590   3970   4780   -420
313.9   3020   4230   6260   7940    130
315.6   1310   4890   5640   5210    410
317.4   1530   4270   4130   6390    -60
319.1   2010    880   6920   4050    500
320.9   2450   2130   3290   4300   -330
322.8   1540   6340   4150   6220   -300
324.5   2800     70   3930   4940   -430
326.3   2790   3380   2210   6390   1350
328.0    740   1340   3030   5800    690
329.8   2820   2750   3050   5020   1220
331.6    760   3750   4680   4620    800
333.4   1080   1340   4970   4570    330
335.1    810   1010   4980   5320   1090
336.9    140   1210    630   4970    370
338.6   1310   2750   2040   4370   2140
340.4   1840   2050    850   3560    590
342.3   1310    780   3270   4790    300
344.0    700    700   1280   4290   1230
345.8    480   1220   2660   4110   -170
347.5    -30   -150   1910   3460   1440
349.3    670  -1340   1750   2670   1190
351.1     60   -240   2890   4500    840
352.9    -50   -400    890   3500   1590
354.6   -320    540   3430   2460   1360
356.4   -780    560   3080   1850    360
358.1   -240    140   2810   2800    560
