  0.0    37    80   119   130   157   263   407   665   837
  0.9    38    82   122   134   166   272   425   709   849
  1.8    39    83   124   138   173   282   441   769   895
  2.6    40    84   126   140   180   431   463   807   966
  3.5    41    85   129   140   187   300   468   844  1041
  4.4    41    88   132   141   196   309   493   873  1102
  5.3    42    89   135   148   207   324   515   911  1169
  6.2    42    90   136   155   214   335   549   910  1217
  7.1    42    92   137   162   219   343   557   994  1289
  8.0    43    92   138   169   223   354   597  1057  1274
  8.9    44    94   140   171   228   374   638  1074  1297
  9.8    45    95   142   176   233   396   648  1078  1433
 10.6    45    96   145   179   237   416   666  1061  1553
 11.5    46    97   147   182   243   428   669  1103  1574
 12.4    46    98   149   186   249   433   691  1183  1617
 13.3    47   100   150   189   254   435   716  1225  1740
 14.2    47   101   152   193   263   440   740  1271  1721
 15.1    47   102   153   198   274   461   740  1346  1884
 16.0    48   102   156   204   284   476   748  1424  2040
 16.9    48   103   158   209   290   478   752  1432  1991
 17.8    49   105   160   213   291   483   759  1528  2215
 18.6    50   107   163   219   293   489   797  1594  2147
 19.5    49   109   164   222   298   489   820  1621  2297
 20.4    49   109   167   225   305   492   882  1671  2425
 21.3    50   110   169   229   314   498   907  1661  2641
 22.2    51   112   171   229   321   510   911  1721  2805
 23.1    52   113   174   231   322   514   941  1784  2948
 24.0    52   115   175   231   322   522   943  1853  3254
 24.9    52   116   175   234   323   534   939  2100  3046
 25.8    53   116   176   237   325   545   931  2013  3140
 26.6    54   117   176   240   327   547   988  2209  3328
 27.5    55   117   178   242   333   537   976  2262  3406
 28.4    56   119   179   247   -55   545   995  2531  3484
 29.3    57   119   180   250   351   562  1093  2532  3548
 30.2    57   119   181   251   354   573  1110  2554  3757
 31.1    57   120   181   254   354   579  1093  2447  3788
 32.0    57   120   182   259   353   588  1113  2541  3930
 32.9    57   121   183   262   354   595  1112  2474  3945
 33.8    57   120   186   265   360   610  1144  2762  3978
 34.6    57   121   188   265   369   629  1171  2837  4193
 35.5    57   122   189   266   376   634  1209  2994  4207
 36.4    57   123   191   266   382   621  1270  3044  4071
 37.3    57   123   189   269   384   626  1363  3039  4241
 38.2    57   122   189   272   384   646  1336  2936  4359
 39.1    56   123   189   274   384   649  1405  3063  4554
 40.0    56   124   189   275   387   655  1519  3220  4279
 40.9    57   125   190   275   389   667  1504  3036  4734
 41.8    58   126   191   277   388   664  1567  3298  4643
 42.6    58   125   193   278   386   660  1726  3366  4484
 43.5    58   124   193   279   388   662  1773  3365  4753
 44.4    58   125   194   282   389   651  1867  3365  4913
 45.3    57   126   194   286   393   668  2019  3284  4744
 46.2    56   127   194   288   397   699  1829  3544  4815
 47.1    56   127   196   289   401   737  2012  3454  5328
 48.0    57   126   195   288   404   727  1993  3424  5121
 48.9    58   126   195   286   406   733  1903  3586  5192
 49.8    59   126   195   284   406   745  1869  3745  5236
 50.6    59   126   194   283   405   778  2048  3544  5044
 51.5    59   126   195   284   403   754  2278  3798  4977
 52.4    58   126   194   285   401   784  2199  3687  4941
 53.3    59   127   194   285   402   765  1983  3820  5436
 54.2    59   127   194   287   403   803  2007  3775  5186
 55.1    59   126   194   288   402   813  2034  3845  5349
 56.0    58   125   195   290   400   872  2129  3711  5416
 56.9    57   125   194   293   398   867  2194  3910  5189
 57.8    58   124   193   293   400   890  2240  3552  5281
 58.6    58   124   192   293   398   869  2079  3611  5414
 59.5    58   125   192   292   399   859  2203  3896  5913
 60.4    57   124   191   293   400   952  2197  4031  5473
 61.3    56   124   190   293   397   910  2250  3731  5477
 62.2    56   123   189   294   394   951  2138  3592  5659
 63.1    56   123   188   295   393  1019  2227  3801  5308
 64.0    56   123   187   294   393  1082  2331  3851  5543
 64.9    57   121   188   293   396  1177  2270  3951  5632
 65.8    57   121   186   290   402  1089  2210  4022  5737
 66.6    56   121   187   286   404  1173  2167  4146  5535
 67.5    55   121   185   284   405  1229  2320  4053  5829
 68.4    54   120   185   283   405  1160  2210  3874  5780
 69.3    52   118   185   283   402  1193  2316  3946  5574
 70.2    52   117   183   283   399  1314  2261  3940  5901
 71.1    54   116   183   282   399  1302  2441  4065  5768
 72.0    55   117   181   279   405  1240  2334  3970  5860
 72.9    55   116   180   276   407  1348  2194  3834  5555
 73.8    54   115   178   274   401  1269  2225  3992  5876
 74.6    51   114   177   272   396  1254  2268  3903  5545
 75.5    50   113   175   271   384  1191  2232  4089  6070
 76.4    50   112   175   269   383  1255  2288  3990  5776
 77.3    51   111   173   268   372  1211  2290  4095  6155
 78.2    52   110   172   265   370  1364  2306  4079  5836
 79.1    52   109   170   260   366  1308  2074  3990  5430
 80.0    50   107   169   255   363  1248  2127  3950  5671
 80.9    48   107   167   251   357  1285  2359  3974  5724
 81.8    47   105   165   248   351  1282  2241  4096  5167
 82.6    46   104   163   245   354  1296  2278  3859  5834
 83.5    47   102   161   243   360  1304  2320  4026  5889
 84.4    48   101   159   242   366  1204  2159  3983  5826
 85.3    47   101   156   240   352  1209  2204  3962  5537
 86.2    46   100   155   240   349  1215  2112  3816  5549
 87.1    45    98   154   239   367  1197  2053  4017  5598
 88.0    44    97   152   238   371  1182  2340  3554  5594
 88.9    44    95   150   237   373  1282  2127  3752  5750
 89.8    43    94   148   235   368  1230  1991  3864  5366
 90.6    43    93   146   234   363  1207  2111  3754  5569
 91.5    42    91   144   231   384  1253  2143  3607  5646
 92.4    41    90   142   225   403  1218  2244  3809  5579
 93.3    41    88   139   219   407  1174  2193  3670  5312
 94.2    40    87   137   214   412  1124  2030  3580  5434
 95.1    40    85   135   210   382  1169  2086  3518  5591
 96.0    38    84   132   204   383  1136  1944  3465  5522
 96.9    37    82   130   199   395  1147  2040  3722  5699
 97.8    37    81   127   194   443  1155  1928  3565  5267
 98.6    37    80   125   190   450  1141  2039  3541  5419
 99.5    37    78   123   185   452  1105  2071  3375  5449
100.4    35    76   120   182   465  1109  1993  3461  5099
101.3    34    74   118   179   481  1072  1858  3522  5044
102.2    33    72   116   178   443  1091  1922  3594  5359
103.1    32    72   113   177   459  1011  1872  3371  4895
104.0    32    70   111   175   458  1030  1886  3195  5016
104.9    32    68   108   173   496  1057  1850  3459  5011
105.8    31    66   105   170   469  1011  1744  3322  4630
106.6    30    65   103   167   431  1001  1874  3309  5171
107.5    29    63   100   165   480   975  1887  3307  4816
108.4    28    62    99   162   477   905  1907  3271  4799
109.3    27    60    95   159   461   917  1799  3043  4733
110.2    27    58    93   155   470   939  1718  2918  4305
111.1    27    57    91   152   467  1018  1696  2929  4848
112.0    27    56    88   149   475   961  1688  3123  4666
112.9    25    54    86   146   476   893  1673  2788  4353
113.8    24    52    83   143   456   851  1582  2887  4254
114.6    23    50    80   143   454   805  1541  2775  4328
115.5    22    48    78   146   444   862  1434  2816  4346
116.4    22    47    75   142   442   849  1423  2646  4186
117.3    21    45    73   138   454   829  1526  2814  4144
118.2    21    44    70   134   458   827  1494  2894  4117
119.1    20    42    67   130   441   774  1422  2596  4086
120.0    19    40    64   125   423   771  1376  2585  3832
120.9    19    38    61   121   431   771  1423  2756  3731
121.8    18    37    59   116   397   718  1321  2671  4048
122.6    17    35    56   111   403   689  1377  2524  3702
123.5    16    33    53   103   411   706  1340  2508  3739
124.4    16    31    50    97   417   717  1242  2197  3408
125.3    15    30    47    92   433   680  1266  2458  3474
126.2    15    29    45    89   410   639  1207  2278  3636
127.1    14    27    42    95   389   560  1057  2203  3516
128.0    13    25    40    89   356   592  1119  2179  3424
128.9    12    23    37    87   352   582  1063  2072  3093
129.8    12    22    34    85   348   548  1030  1908  3174
130.6    11    21    32    86   338   560   922  1936  3081
131.5    11    20    29    77   352   526  1010  1997  2999
132.4    10    18    27    74   337   542   977  1805  2926
133.3    10    17    25    71   308   486   950  1814  2748
134.2     9    16    23    66   291   476   923  1694  2742
135.1     9    15    21    63   282   489   827  1578  2705
136.0     8    14    19    61   269   409   805  1657  2742
136.9     8    13    18    58   255   381   777  1398  2313
137.8     7    12    16    56   250   402   782  1308  2096
138.6     7    12    14    54   228   364   745  1304  2192
139.5     7    12    13    55   225   374   685  1226  1985
140.4     7    11    12    54   207   405   625  1228  1859
141.3     6    11    12    56   198   371   569  1256  1805
142.2     6    11    11    58   191   320   541  1126  1812
143.1     6    12    11    59   174   285   562  1106  1712
144.0     6    12    12    55   171   268   542  1160  1612
144.9     7    13    13    51   161   233   470   971  1478
145.8     7    14    14    51   155   212   442   943  1544
146.6     7    15    16    55   146   210   414   906  1362
147.5     8    16    19    59   137   191   376   797  1223
148.4     9    18    21    58   133   190   381   734  1202
149.3    10    20    24    56   121   186   355   715  1143
150.2    11    22    28    54   108   166   308   689  1077
151.1    11    23    31    53    95   158   249   591   973
152.0    12    25    35    53    87   148   246   518   920
152.9    13    28    38    54    80   138   245   498   868
153.8    13    30    41    54    75   125   208   453   759
154.6    14    32    45    54    69   111   183   394   673
155.5    15    34    49    53    63   103   168   391   538
156.4    16    36    52    52    60    97   178   320   479
157.3    18    39    55    53    57    83   146   293   412
158.2    19    41    58    55    52    76   122   320   384
159.1    20    44    62    59    49    74   105   311   353
160.0    21    45    64    61    48    73   106   227   319
160.9    22    47    68    63    48    66   112   213   379
161.8    23    49    71    64    50    62   114   207   323
162.6    24    51    74    65    51    63   131   222   327
163.5    25    53    77    68    54    72   126   213   330
164.4    26    56    81    71    58    83   136   227   313
165.3    27    58    85    74    63    93   156   250   324
166.2    27    60    88    78    70   104   168   288   348
167.1    29    62    90    82    77   118   190   287   369
168.0    29    62    93    87    83   136   206   302   377
168.9    30    64    95    92    90   155   227   349   434
169.8    32    66    99    96    97   170   247   370   477
170.6    32    70   102    99   103   183   269   417   525
171.5    33    72   105   101   112   204   285   460   596
172.4    34    73   107   105   121   212   306   508   652
173.3    35    73   108   111   129   218   336   551   683
174.2    36    73   110   115   137   226   369   564   727
175.1    36    75   114   119   145   245   402   578   773
176.0    37    78   118   121   156   265   416   637   833
176.9    37    81   123   123   168   276   435   656   894
177.8    38    83   126   126   178   289   452   664   907
178.6    39    85   127   131   183   304   463   721   941
179.5    40    86   127   137   186   303   490   775   977
180.4    41    87   128   143   190   315   516   809  1037
181.3    41    88   131   147   196   334   530   832  1089
182.2    42    89   135   151   203   351   544   860  1150
183.1    42    91   138   155   211   361   561   892  1195
184.0    43    93   140   160   219   369   580   921  1250
184.9    43    95   140   166   226   376   602   948  1315
185.8    44    95   140   174   234   375   625   951  1289
186.6    45    94   142   182   238   385   657   972  1397
187.5    46    95   145   186   245   394   671  1027  1525
188.4    46    98   150   187   255   403   697  1048  1614
189.3    47   100   154   189   260   421   716  1135  1771
190.2    47   103   157   190   263   430   711  1161  1753
191.1    47   104   158   192   268   444   725  1206  1676
192.0    47   104   159   196   271   454   737  1233  1705
192.9    48   105   159   202   275   470   746  1276  1833
193.8    49   106   160   206   281   481   760  1281  1905
194.6    50   107   162   211   285   488   773  1362  1922
195.5    50   108   166   212   290   487   801  1424  2041
196.4    50   108   168   212   296   491   823  1489  2201
197.3    50   110   170   213   300   498   830  1415  2288
198.2    51   111   169   216   303   506   811  1451  2286
199.1    51   111   169   222   306   512   837  1570  2419
200.0    52   111   170   230   308   518   863  1584  2553
200.9    53   113   172   235   313   529   887  1668  2529
201.8    53   115   174   239   320   545   911  1749  2797
202.6    53   117   177   241   330   546   927  1769  2765
203.5    53   118   178   244   335   541   923  1870  3063
204.4    53   118   177   245   338   550   927  1984  3491
205.3    54   117   177   249   341   566   942  2170  3203
206.2    54   118   177   254   344   569   970  2246  3441
207.1    54   120   180   260   349   576  1039  2319  3533
208.0    55   121   182   264   355   578  1087  2189  3706
208.9    55   122   186   265   364   576  1081  2253  3650
209.8    55   122   188   266   373   576  1053  2530  3521
210.6    55   123   190   268   377   583  1059  2605  3666
211.5    55   123   191   270   375   594  1057  2555  3878
212.4    55   123   191   273   373   607  1062  2608  4047
213.3    56   124   192   275   376   621  1140  2785  3878
214.2    56   125   193   276   381   622  1322  2606  3961
215.1    57   126   193   275   384   618  1307  2769  4181
216.0    58   127   194   274   387   619  1354  2844  4242
216.9    59   127   194   275   389   627  1408  2884  4087
217.8    60   126   194   277   388   644  1492  2952  4333
218.6    60   126   193   281   388   660  1485  3005  4320
219.5    61   126   193   283   391   675  1541  3047  4187
220.4    60   127   194   286   395   701  1646  3100  4442
221.3    60   128   196   288   401   724  1578  2931  4566
222.2    59   129   198   289   405   733  1706  3157  4835
223.1    58   128   200   288   406   742  1819  3111  4738
224.0    59   127   200   288   406   750  1797  3482  4484
224.9    59   127   198   290   407   721  1981  3240  4678
225.8    59   127   197   293   409   702  1925  3316  4821
226.6    58   128   197   295   411   684  1873  3418  4619
227.5    58   128   197   298   411   701  2030  3411  5083
228.4    58   128   197   300   413   747  2083  3571  5010
229.3    58   129   198   300   416   752  2171  3457  5058
230.2    59   129   198   300   420   724  2132  3589  4793
231.1    60   128   197   297   425   739  2123  3623  4809
232.0    59   127   197   295   429   744  2086  3607  5088
232.9    59   128   197   292   431   761  2130  3589  5117
233.8    58   128   199   291   431   791  2310  3658  5101
234.6    56   128   199   289   429   784  2194  3549  5463
235.5    56   128   200   289   425   812  2286  3919  5356
236.4    56   127   199   290   419   848  2207  3913  5378
237.3    57   127   198   292   416   815  2239  3844  5218
238.2    58   127   196   294   414   804  2277  3582  5563
239.1    59   127   196   293   416   879  2131  3893  5617
240.0    59   126   195   293   421  1022  2365  3969  5773
240.9    58   126   195   291   427  1060  2284  3973  5479
241.8    57   126   194   290   426  1073  2291  3821  5476
242.6    58   126   194   290   421  1118  2317  4057  5793
243.5    59   125   193   290   415  1144  2222  4012  5586
244.4    59   124   192   291   412  1192  2349  4192  5672
245.3    58   122   192   291   409  1216  2411  4337  5524
246.2    57   122   190   290   407  1351  2348  4279  5275
247.1    56   122   191   288   406  1265  2362  4008  5454
248.0    55   122   189   286   406  1290  2431  4047  5641
248.9    55   121   189   284   405  1312  2670  3940  5749
249.8    55   119   186   282   402  1323  2556  4133  5710
250.6    55   118   184   280   397  1334  2560  4235  5794
251.5    55   118   182   278   396  1450  2387  4279  5763
252.4    55   118   181   277   399  1420  2544  4275  6149
253.3    54   117   180   276   400  1426  2385  4113  5925
254.2    53   116   180   274   406  1285  2388  4140  5895
255.1    53   115   179   273   409  1286  2310  4239  5800
256.0    52   114   179   271   407  1264  2218  4024  5836
256.9    52   114   177   270   402  1291  2403  4234  6037
257.8    51   112   176   269   393  1290  2434  3992  5973
258.6    51   111   175   267   387  1344  2483  4121  5666
259.5    50   110   173   267   385  1277  2390  4466  5949
260.4    50   110   172   266   387  1383  2526  4553  5888
261.3    49   109   170   267   389  1444  2321  4267  6155
262.2    48   108   169   269   395  1396  2228  4149  5904
263.1    48   106   166   272   412  1390  2417  4525  6147
264.0    49   105   164   273   418  1407  2366  4159  6020
264.9    48   104   162   272   417  1399  2478  4420  5754
265.8    48   103   161   270   420  1342  2450  4154  6065
266.6    47   102   158   267   393  1270  2363  4113  6044
267.5    45   100   157   265   407  1283  2556  4059  5870
268.4    44    99   156   263   410  1226  2207  3918  5479
269.3    43    97   154   261   417  1212  2284  4157  5819
270.2    43    96   152   255   445  1219  2498  4078  5758
271.1    43    94   149   249   436  1237  2318  4131  5738
272.0    43    93   147   243   455  1220  2411  3911  5918
272.9    42    92   145   238   469  1210  2206  4064  5935
273.8    41    89   142   235   462  1231  2390  3812  5641
274.6    40    88   140   232   427  1283  2294  3940  5649
275.5    40    87   137   230   419  1206  2297  3974  5323
276.4    39    85   134   228   438  1245  2259  3970  5508
277.3    39    83   133   225   474  1247  2180  3650  5609
278.2    38    82   130   221   449  1149  2395  3887  5370
279.1    37    80   128   218   444  1142  2244  3852  5545
280.0    35    79   126   216   486  1189  2103  3855  5552
280.9    34    77   124   213   490  1111  2231  3935  5601
281.8    33    75   122   212   458  1105  2103  3783  5354
282.6    33    73   118   213   485  1082  2296  3840  5636
283.5    33    72   116   213   448  1040  2166  3873  5557
284.4    32    70   113   207   490  1051  2258  3541  5531
285.3    31    68   110   199   484  1130  2030  3766  5254
286.2    30    67   104   195   482  1101  2058  3517  5410
287.1    29    65   102   189   549  1053  2047  3352  5208
288.0    29    64    99   184   543   996  2023  3476  5223
288.9    29    63    97   179   517  1084  1986  3458  5497
289.8    28    60    95   178   517  1024  1979  3360  5282
290.6    27    59    93   181   509   975  1983  3321  4992
291.5    26    57    90   177   543   916  1891  3404  4986
292.4    25    56    87   177   551   959  1939  3391  4929
293.3    24    54    85   174   545  1039  1924  3367  4829
294.2    23    52    82   177   565   974  1884  3320  4950
295.1    23    50    79   176   566   942  1749  3148  4803
296.0    22    48    76   173   539   957  1752  2963  4467
296.9    22    47    74   167   501   899  1785  3067  4699
297.8    21    46    72   162   481   905  1638  3061  4468
298.6    20    44    69   154   508   837  1660  3066  4443
299.5    19    42    67   146   526   784  1495  3038  4177
300.4    19    40    64   140   505   843  1535  2779  4412
301.3    18    39    61   135   497   809  1478  2756  4258
302.2    17    37    59   129   464   819  1604  2678  4474
303.1    17    35    56   125   444   788  1461  2720  4513
304.0    16    34    54   117   440   781  1478  2714  4431
304.9    15    32    51   112   455   727  1430  2625  4066
305.8    14    31    49   105   441   759  1392  2549  4026
306.6    14    29    46   101   410   669  1403  2453  3665
307.5    13    27    43    99   416   643  1454  2286  3853
308.4    12    26    40    98   426   637  1364  2205  3782
309.3    12    24    37    98   416   620  1299  2218  3561
310.2    12    23    34    97   369   579  1226  2275  3224
311.1    11    21    55    90   372   571  1188  2026  3382
312.0    10    44    29    84   361   561  1127  2046  3126
312.9    10    18    27    78   349   563  1054  1873  3269
313.8     9    17    24    78   338   524  1028  2049  3225
314.6     9    16    22    79   328   522   961  1937  3306
315.5     8    14    20    77   318   467  1147  1732  3046
316.4     8    13    18    73   307   456   996  1713  2957
317.3     7    12    17    69   303   442   979  1694  3026
318.2     7    12    16    75   272   430   922  1717  2628
319.1     7    12    14    72   268   431   939  1640  2598
320.0     6    11    13    72   256   469   929  1666  2697
320.9     6    11    12    72   230   447   919  1412  2658
321.8     6    11    12    78   204   401   774  1370  2503
322.6     6    11    12    78   191   400   709  1286  2102
323.5     6    12    12    76   194   375   658  1273  2200
324.4     6    12    12    74   183   327   695  1247  2255
325.3     6    13    13    76   171   308   655  1236  2155
326.2     7    13    15    71   160   306   625  1161  2030
327.1     7    14    16    65   151   291   613  1130  1784
328.0     7    16    18    62   141   264   524  1058  1870
328.9     8    17    20    56   129   241   481   958  1750
329.8     8    19    23    53   125   221   453   867  1699
330.6     9    20    26    52   120   218   406   796  1650
331.5    10    22    29    53   108   208   404   761  1401
332.4    11    24    32    53   102   181   375   619  1361
333.3    12    26    36    51    94   158   352   590  1110
334.2    12    28    39    49    87   153   328   604  1133
335.1    13    29    42    47    84   146   263   508  1095
336.0    14    31    45    47    77   132   233   455   969
336.9    15    33    49    49    66   121   207   366   838
337.8    16    35    51    53    60   116   166   356   734
338.6    17    38    54    56    53    95   141   334   570
339.5    18    39    57    58    51    81   116   307   517
340.4    19    41    60    60    53    75   120   262   454
341.3    20    43    63    63    55    71   117   221   395
342.2    21    45    66    64    54    69   110   191   371
343.1    22    48    69    64    52    69   102   179   310
344.0    23    49    72    62    52    74   105   185   265
344.9    23    51    74    61    54    78   106   188   274
345.8    24    52    78    63    58    84   112   198   283
346.6    25    55    80    64    64    92   127   208   275
347.5    27    57    83    66    69   101   143   216   281
348.4    27    59    86    68    76   110   162   247   275
349.3    28    60    88    72    84   122   177   274   295
350.2    29    62    90    76    93   137   218   311   305
351.1    30    64    92    82   101   153   244   363   369
352.0    31    66    96    86   108   168   256   414   400
352.9    31    68    99    90   114   180   267   426   442
353.8    32    69   100    95   120   194   270   444   489
354.6    32    70   103    99   126   201   274   483   511
355.5    33    72   105   105   132   206   300   525   534
356.4    34    74   107   110   139   222   329   553   610
357.3    35    75   111   114   145   238   336   605   649
358.2    36    77   114   119   149   243   357   623   694
359.1    37    78   118   124   151   249   393   634   749
