  0.0     3     8     2    42    31    46    69   110   254
  0.9     2     8     3    36    36    46    73   138   229
  1.8     2     8     4    31    35    44    83   130   203
  2.6     3     8     4    28    31    43    75   144   218
  3.5     3     7     4    26    32    41    62   155   195
  4.4     1     7     4    25    34    37    70   152   215
  5.3     2     7     2    29    38    44    69   164   248
  6.1     2     7     2    29    36    46    86   171   243
  7.0     2     7     4    27    27    40    70   188   264
  8.0     1     7     4    26    27    39    93   200   266
  8.9     2     7     4    26    27    43   102   210   241
  9.8     2     6     4    28    24    45   100   202   301
 10.6     1     6     4    26    25    48   124   202   314
 11.5     1     5     2    23    25    47   104   232   360
 12.4     2     5     2    21    29    48   113   301   384
 13.3     2     5     3    20    29    48   108   279   411
 14.1     1     6     3    21    27    47   109   297   407
 15.0     2     7     3    22    29    57   103   350   509
 16.0     3     6     3    24    31    68    98   390   582
 16.9     2     6     3    25    30    60   114   346   501
 17.8     1     5     4    24    30    62   110   416   614
 18.6     3     6     3    24    32    78   142   376   682
 19.5     3     7     3    23    35    71   146   456   570
 20.4     2     8     3    25    36    58   186   413   669
 21.3     1     7     3    26    36    62   190   443   675
 22.1     2     6     3    26    38    72   174   422   816
 23.0     1     6     3    26    35    64   165   560   902
 24.0     1     7     3    26    36    49   215   544   958
 24.9     2     6     2    25    37    54   182   686   778
 25.8     3     5     2    25    37    68   189   543   677
 26.6     2     4     3    25    34    74   230   765   713
 27.5     2     3     3    25    35    74   190   665   755
 28.4     2     4     3    26    40    88   198   705   792
 29.3     2     4     3    23    42    96   259   641   727
 30.1     2     4     3    19    43    78   231   724   783
 31.0     2     4     3    21    40    77   307   660   871
 32.0     2     3     3    25    37    98   287   661   853
 32.9     2     3     2    28    37   100   272   635   843
 33.8     2     2     3    30    38   104   372   670   817
 34.6     3     3     3    29    45   114   337   661   827
 35.5     3     3     3    25    47   123   369   706   948
 36.4     3     4     2    23    46   107   417   697   955
 37.3     3     5     2    23    49   123   445   811  1060
 38.1     2     4     2    27    55   146   379   690   947
 39.0     2     3     2    27    57   128   537   719  1055
 40.0     3     4     3    29    57   122   562   736   851
 40.9     2     3     2    30    58   154   440   694  1229
 41.8     2     4     1    32    52   142   536   753  1029
 42.6     3     5     2    31    50   114   598   826   974
 43.5     3     5     2    30    61   139   622   858  1057
 44.4     3     4     2    32    64   142   519   668  1059
 45.3     4     4     2    36    62   167   599   851   907
 46.1     4     4     2    40    54   184   488   807   958
 47.0     4     2     2    42    50   227   568   810  1192
 48.0     3     2     2    42    50   175   599   970  1138
 48.9     3     3     2    40    52   149   406   849  1234
 49.8     3     2     2    37    55   167   499   991  1199
 50.6     3     2     2    33    57   237   503   689  1063
 51.5     3     2     2    30    57   246   582   839  1026
 52.4     3     3     2    29    60   270   554   838  1272
 53.3     2     3     3    29    64   256   517   878  1127
 54.1     2     3     2    31    70   300   596   959   900
 55.0     3     2     1    32    73   315   509   888  1202
 56.0     3     2     2    33    75   396   561   827  1125
 56.9     3     2     1    33    73   354   550   819  1073
 57.8     3     2     1    33    69   373   635   901   966
 58.6     3     1     1    33    68   304   572  1029  1263
 59.5     4     2     1    32    68   317   560   966  1232
 60.4     3     2     1    33    66   353   588  1060  1308
 61.3     3     2     1    33    64   298   576   923  1355
 62.1     3     2     1    34    64   346   580   765  1191
 63.0     4     2     2    35    76   371   559   941  1216
 64.0     3     1     3    37    78   389   615   911  1339
 64.9     4     2     2    38    75   372   683   830  1282
 65.8     4     3     2    39    83   282   499   910  1253
 66.6     3     3     2    39    84   376   609  1129  1131
 67.5     3     3     2    39    88   358   568   950  1188
 68.4     4     3     1    41    90   334   505   723  1075
 69.3     4     3     2    43    89   392   629   946  1166
 70.1     2     2     2    45    89   393   489   968  1463
 71.0     3     3     1    44   100   337   592   967  1157
 72.0     4     4     2    42   129   329   548   898  1194
 72.9     3     5     2    40   124   375   582   964  1099
 73.8     3     4     2    40   122   368   642   970  1317
 74.6     4     4     2    42   105   372   570  1079   981
 75.5     3     5     2    46    87   327   774   902  1764
 76.4     2     4     2    47   107   460   584  1184  1165
 77.3     3     4     2    48    83   327   570   962  1218
 78.1     3     4     2    46    83   346   538  1052  1456
 79.0     2     5     2    41    83   391   574   895  1295
 80.0     2     5     2    38    84   333   618   960  1264
 80.9     2     5     2    34    84   359   584   977  1266
 81.8     2     5     2    33    81   339   547  1039  1259
 82.6     2     4     2    33    78   423   647   862  1197
 83.5     2     4     2    35    94   426   600   997  1267
 84.4     2     5     1    37   123   379   453  1082  1370
 85.3     3     6     2    38   106   347   555  1075  1167
 86.1     2     6     2    41   105   349   523   832  1203
 87.0     2     5     1    43   172   272   502  1024  1363
 88.0     2     5     2    46   165   290   585   970  1256
 88.9     3     5     2    48   183   403   553   940  1156
 89.8     2     5     2    47   171   362   574   963  1213
 90.6     2     6     2    51   142   336   515  1061  1530
 91.5     3     6     1    52   183   365   621   918  1264
 92.4     2     6     2    48   198   393   628   877  1470
 93.3     1     6     2    46   235   307   510  1102  1378
 94.1     3     6     2    45   258   292   617   986  1287
 95.0     3     6     2    43   173   347   608   867  1488
 96.0     2     6     2    39   183   361   473   870  1537
 96.9     2     6     2    35   196   323   660   970  1631
 97.8     2     7     1    31   224   325   411   899  1239
 98.6     2     7     2    29   217   390   628   891  1212
 99.5     1     7     1    27   198   369   642   739  1298
100.4     2     7     2    27   215   348   522   815  1274
101.3     2     7     1    28   260   332   480   986  1209
102.1     2     7     2    31   211   397   542  1139  1485
103.0     1     7     1    35   236   316   509   951  1272
104.0     1     7     2    39   230   368   427   770  1220
104.9     2     7     1    42   281   356   647   975  1304
105.8     1     7     2    44   235   276   510   772  1406
106.6     2     7     1    45   173   313   522   927  1400
107.5     2     7     2    46   208   339   648   895  1516
108.4     2     7     1    47   231   270   527  1127  1301
109.3     1     7     1    46   195   321   454   732  1207
110.1     1     7     1    43   189   307   519   780  1095
111.0     1     7     1    42   184   370   486   921  1267
112.0     1     8     1    43   206   330   440   984  1295
112.9     1     8     1    45   218   281   500   689  1185
113.8     2     7     1    45   175   296   495   877  1173
114.6     2     7     1    54   151   280   503   984  1115
115.5     1     7     1    73   157   294   459   939  1172
116.4     1     8     1    70   178   320   484   884  1017
117.3     1     8     1    68   142   306   431   927  1063
118.1     1     8     1    65   177   338   523   906  1228
119.0     1     8     1    61   179   249   384   942  1023
120.0     2     8     1    57   148   238   388   835   959
120.9     1     8     1    67   179   263   431   808  1012
121.8     1     8     1    68   141   258   396   910  1252
122.6     1     7     1    67   173   254   436   689  1098
123.5     1     8     1    59   186   240   501   789  1035
124.4     1     8     1    51   191   270   438   657   920
125.3     1     8     1    48   158   220   431   651  1019
126.1     1     8     1    47   150   223   413   823  1058
127.0     1     7     1    84   138   206   325   737  1033
128.0     1     7     1    71   124   232   367   630   968
128.9     0     7     1    63   133   185   343   658   892
129.8     1     7     1    64   147   192   352   581  1032
130.6     1     6     1    76   121   241   294   736   917
131.5     1     6     1    60   143   192   368   824   800
132.4     1     6     1    59   120   205   320   680  1011
133.3     1     5     1    57   129   187   354   623   986
134.1     1     5     1    52   132   186   385   555   880
135.0     0     5     1    53   129   232   308   503   869
136.0     0     4     0    55   119   189   292   525  1216
136.9     0     4     1    53   111   158   315   506   841
137.8     1     3     1    50   114   183   310   593   880
138.6     0     3     0    51   100   157   352   591   680
139.5     0     2     0    55   105   186   331   519   690
140.4     0     2     0    53    86   206   261   519   712
141.3     0     2     0    60    94   158   237   576   691
142.1     0     3     0    64    96   134   227   493   864
143.0     0     3     1    68    96   131   281   491   737
144.0     1     4     0    60    90   152   273   536   710
144.9     1     5     0    49    83   140   182   422   639
145.8     1     6     1    46    84   121   160   434   817
146.6     1     7     1    52    73   117   173   392   673
147.5     1     7     1    58    72   107   152   393   540
148.4     1     8     1    52    72    92   161   452   569
149.3     1     9     1    45    70    85   153   323   476
150.1     1     9     1    40    60    85   164   389   559
151.0     2    10     1    34    54    80   124   361   510
152.0     2    10     1    35    51    71   132   318   570
152.9     2    10     1    35    44    72   148   351   456
153.8     2    10     1    39    42    70   118   303   421
154.6     2    10     1    36    35    63   115   263   501
155.5     2    10     1    31    30    64   109   293   350
156.4     2    10     1    30    29    62   120   246   326
157.3     2    11     1    31    30    45    88   226   308
158.1     3    11     1    31    24    34    61   291   288
159.0     3    12     1    32    21    30    54   261   286
160.0     2    11     1    33    19    34    68   175   200
160.9     2    10     1    34    21    32    63   165   291
161.8     3     9     1    36    23    26    55   135   209
162.6     2     9     1    37    23    27    74   141   176
163.5     3    10     2    40    24    34    60   147   217
164.4     3    10     1    43    26    39    65   120   156
165.3     3    10     2    46    28    43    77   118   176
166.1     2    10     2    49    32    45    72   156   187
167.0     3     9     2    52    36    52    78   160   227
168.0     4     9     3    54    41    56    77   178   225
168.9     3     8     3    55    44    60    84   189   231
169.8     3     8     3    54    45    58    79   157   241
170.6     3     8     2    51    43    60   100   154   260
171.5     4     9     3    48    40    62    97   156   302
172.4     3    10     3    48    37    52    91   160   299
173.3     2    10     3    49    36    47    95   187   259
174.1     3     8     3    48    36    42    94   163   239
175.0     2     7     3    46    36    49    90   167   239
176.0     2     7     3    42    32    51    90   164   267
176.9     3     8     3    39    34    49   102   168   270
177.8     3     8     2    38    34    43   109   156   269
178.6     2     8     2    38    29    47    84   186   243
179.5     2     9     2    39    31    46    78   186   293
180.4     3     8     2    38    34    45    89   172   274
181.3     3     7     3    40    34    45    77   178   222
182.1     3     7     3    40    31    44    79   175   256
183.0     3     6     3    36    25    52    72   181   299
184.0     3     7     3    35    24    60    82   214   329
184.9     3     7     4    35    27    63    85   192   367
185.8     2     9     4    31    32    53    83   152   306
186.6     3     8     3    30    36    52   106   169   308
187.5     4     6     4    31    36    54    90   258   415
188.4     3     6     4    32    34    64   114   239   522
189.3     3     6     2    33    30    78   115   247   619
190.1     3     7     4    31    26    72   101   259   509
191.0     3     7     4    30    24    79   133   266   433
192.0     2     8     3    28    24    66   132   249   418
192.9     3     6     2    28    30    57   101   254   530
193.8     4     5     3    26    34    55   112   257   539
194.6     2     5     2    25    33    53   129   350   643
195.5     2     5     3    23    32    58   135   407   697
196.4     3     5     2    22    30    68   141   375   661
197.3     3     5     2    20    30    61   146   334   531
198.1     2     5     4    19    30    57   133   346   669
199.0     2     5     2    19    32    64   184   416   698
200.0     3     4     2    22    34    72   165   499   795
200.9     2     4     2    25    34    80   184   579   723
201.8     1     4     2    27    37   106   176   493   711
202.6     1     5     1    30    45    87   206   497   667
203.5     2     7     2    29    37    76   206   548   749
204.4     1     7     2    27    34    87   194   497   799
205.3     1     6     2    25    37    96   183   558   719
206.1     2     6     2    26    37    94   168   668   798
207.0     2     5     2    28    42    93   239   612   796
208.0     2     5     3    30    46    95   279   594   749
208.9     2     6     3    31    48    82   271   617   792
209.8     2     6     3    30    49    78   210   731   771
210.6     2     6     3    29    48    80   260   873   904
211.5     2     6     3    28    45    88   249   663   915
212.4     2     5     1    28    40    96   280   748   993
213.3     2     4     2    30    45    94   327   693   961
214.1     1     4     2    31    52   103   394   592   970
215.0     2     4     2    32    53   113   388   712  1176
216.0     4     4     2    32    52   125   511   757   931
216.9     4     3     2    31    45   124   489   797   824
217.8     3     4     3    31    43   137   427   679   851
218.6     4     3     2    31    49   148   429   722  1038
219.5     3     1     2    29    57   155   436   771  1007
220.4     2     2     2    27    65   169   509   840  1074
221.3     2     3     3    26    68   195   464   735  1006
222.1     2     3     3    26    64   198   513   709   886
223.0     2     3     2    26    58   198   535   739  1019
224.0     2     3     2    28    53   201   579   953  1074
224.9     3     2     2    33    53   171   560   738  1152
225.8     3     1     1    35    62   149   597   880  1118
226.6     2     2     2    37    71   139   523   859  1021
227.5     2     3     2    38    67   170   552   830  1106
228.4     2     3     1    40    65   240   505   914  1023
229.3     3     4     2    42    65   236   506   714  1013
230.1     3     4     2    41    63   186   436   870  1148
231.0     2     3     2    39    64   261   487   845  1153
232.0     2     3     2    39    70   204   568   692  1083
232.9     3     3     2    39    78   218   487   940  1290
233.8     3     3     2    39    80   241   593   962  1143
234.6     3     3     2    40    81   214   536   863  1351
235.5     4     2     2    40    78   240   575   925   937
236.4     3     2     2    39    73   362   577  1018  1196
237.3     2     3     2    36    69   291   616   899  1169
238.1     3     3     2    35    66   279   586   832  1257
239.0     3     3     2    35    64   344   475  1051  1230
240.0     2     2     2    34    70   420   514   994  1222
240.9     3     2     2    33    77   440   628  1062  1271
241.8     4     2     1    33    81   427   644   973  1274
242.6     4     2     1    33    72   413   591  1113  1268
243.5     3     3     2    34    63   362   551  1069  1210
244.4     3     3     2    35    60   441   641  1079  1405
245.3     3     4     1    36    58   462   593   913  1520
246.1     3     4     3    38    55   518   540  1100  1110
247.0     2     5     1    41    55   468   639   763  1174
248.0     2     3     1    42    59   448   721   997  1253
248.9     3     3     2    43    65   388   719   949  1276
249.8     2     3     2    42    64   406   618  1014  1248
250.6     1     4     2    39    61   379   636   981  1353
251.5     2     4     2    37    62   497   588   971  1410
252.4     2     4     1    37    64   407   589   912  1368
253.3     2     3     2    38    73   426   742  1006  1172
254.1     2     2     2    39    88   373   672   898  1276
255.0     2     3     2    40    92   371   657  1037  1487
256.0     2     3     2    40    95   335   585   999  1376
256.9     2     4     2    40    95   385   611  1062  1479
257.8     2     5     2    39    84   404   645  1073  1376
258.6     2     5     2    38    80   458   683   953  1157
259.5     2     4     2    38    79   376   576  1065  1176
260.4     2     5     2    37   101   448   656  1081  1193
261.3     2     5     1    37   102   393   607   861  1365
262.1     3     4     2    37   106   444   584  1040  1193
263.0     2     5     1    38   132   379   758   910  1676
264.0     2     6     2    39   160   376   485  1061  1273
264.9     2     6     2    40   162   367   661  1094  1265
265.8     2     6     1    41   186   384   653  1124  1461
266.6     2     5     1    41   125   372   550   969  1179
267.5     2     5     2    41   151   380   589   945  1406
268.4     2     6     1    42   148   359   579  1027  1311
269.3     2     7     1    45   169   430   681   986  1393
270.1     2     7     1    46   233   355   758   961  1445
271.0     2     7     1    48   225   374   565  1084  1256
272.0     2     7     2    51   231   366   667   962  1324
272.9     1     7     2    57   249   362   647   971  1182
273.8     2     8     1    58   214   442   725  1096  1168
274.6     2     7     1    55   179   357   626  1064  1301
275.5     2     7     1    52   173   415   587  1042  1070
276.4     1     7     1    49   170   353   623   945  1250
277.3     1     8     2    48   277   425   605   948  1358
278.1     1     8     1    46   227   356   633   979  1071
279.0     1     7     1    46   212   365   699   949  1338
280.0     1     7     1    47   276   387   612  1037  1267
280.9     2     7     1    48   265   381   679  1032  1055
281.8     1     8     1    51   237   377   639   964  1390
282.6     1     9     1    66   261   367   596   951  1325
283.5     1     8     1    84   201   287   638   985  1365
284.4     1     8     1    79   223   320   692  1016  1238
285.3     1     7     1    70   215   311   518  1029  1405
286.1     2     7     2    71   206   323   616   911  1553
287.0     2     8     1    68   287   344   466   781  1339
288.0     1     8     2    66   274   264   634   886  1238
288.9     1     8     1    66   229   408   538  1187  1567
289.8     1     8     1    77   229   357   552   917  1554
290.6     1     8     2   101   193   374   621   783  1175
291.5     1     8     1    95   224   385   549   871  1313
292.4     1     8     1   109   228   311   459   871  1116
293.3     1     8     1   100   218   321   553   949  1499
294.1     1     8     1   113   213   317   501   920  1346
295.0     1     8     2   109   182   309   488   904  1352
296.0     1     9     2   102   229   358   527   804  1092
296.9     1     9     1    95   190   298   631   808  1236
297.8     1     8     1    92   180   359   458   799  1213
298.6     1     8     2    78   148   279   479   847  1089
299.5     1     8     2    71   182   244   432   912   829
300.4     1     8     3    69   174   333   435   804  1165
301.3     1     8     3    69   201   278   407   726  1133
302.1     1     8     3    68   202   321   563   774  1028
303.0     1     8     4    70   171   284   612   827  1131
304.0     1     8     4    65   170   263   473   767  1273
304.9     1     8     4    63   163   227   536   686  1003
305.8     1     8     4    58   151   308   484   737  1096
306.6     1     8     5    57   158   261   404   825   793
307.5     1     8     5    55   162   204   551   619  1119
308.4     1     8     5    57   175   232   395   774  1032
309.3     1     8     5    63   167   243   443   734  1030
310.1     1     7     5    75   141   211   396   771   927
311.0     0     7     7    68   159   244   391   693   935
312.0     1     8     5    62   142   205   409   677  1070
312.9     1     6     5    53   133   213   347   683   967
313.8     1     5     5    63   118   188   358   677  1034
314.6     1     5     4    75   135   220   338   741  1027
315.5     1     5     4    74   129   173   451   600   967
316.4     0     4     4    68   136   212   348   582   983
317.3     1     4     4    65   133   201   348   620  1063
318.1     0     3     3    81   120   196   321   597   848
319.0     0     3     3    74   119   155   380   579  1030
320.0     0     2     2    66   108   246   372   679   813
320.9     0     2     2    68   103   200   363   572   913
321.8     0     2     1    87    87   176   288   511   912
322.6     0     2     1    84    83   183   334   426   655
323.5     1     3     1    79   100   147   239   489   825
324.4     0     3     2    75    95   135   261   505   808
325.3     0     4     2    78    92   134   250   438   785
326.1     0     5     3    71    90   150   267   503   714
327.0     0     6     3    57    92   173   274   576   647
328.0     1     6     4    48    92   157   225   389   655
328.9     1     7     4    38    76   133   225   466   605
329.8     1     8     5    31    72   126   245   395   617
330.6     1     8     5    30    71   140   202   412   681
331.5     1     8     5    30    61   136   251   398   611
332.4     1     9     5    30    59   111   230   337   669
333.3     1     9     5    27    60    91   190   391   411
334.1     2    10     5    25    55    90   188   405   507
335.0     1     9     5    23    55    90   162   317   506
336.0     1     9     5    23    47    76   149   268   495
336.9     2     9     5    24    39    70   141   205   396
337.8     2     9     4    27    40    88   100   206   389
338.6     2     9     4    31    31    71    92   252   263
339.5     2     9     4    29    30    55    62   215   341
340.4     1     9     4    29    33    50    85   219   315
341.3     1     9     4    31    29    42    86   193   251
342.1     1     9     4    33    26    37    73   113   244
343.0     2     9     4    31    22    30    54   125   284
344.0     2     9     3    31    20    30    53   132   188
344.9     1     9     4    33    21    32    54   126   272
345.8     2     8     3    34    24    34    57   129   222
346.6     3     8     3    35    28    38    63   132   189
347.5     3     9     3    36    31    39    72   133   176
348.4     2     9     3    37    32    40    89   147   138
349.3     2     9     3    37    33    44    86   154   168
350.1     3     9     3    37    34    48   121   149   195
351.0     3     8     3    38    33    59   144   166   220
352.0     2     7     3    38    33    68   114   175   225
352.9     2     8     2    38    33    59   108   137   193
353.8     3     9     2    38    35    52    92   146   200
354.6     2     9     3    38    32    53    83   144   177
355.5     2     9     3    39    28    53    85   153   185
356.4     3     8     4    39    25    53    87   142   248
357.3     2     8     4    41    25    55    88   145   215
358.1     1     7     4    44    27    45    85   134   238
359.0     3     7     3    42    28    47    81   117   232
